ως ’ nm. 1111111. ouon 11 111 cnm

111 11111111111111111, 11111111, 1111 nemum 11111111111111111111111111,1111111111111;1111 11.
1111111111111. 11111111111111111111 11111111 1111, 1111. 1111 11111111 1111111 11111111111111. 1. 11. 1111111111
1111 11 qnid in 11 111,·111111111111111111111111 Μ bt 11ὴ111ᾱ11 11, 1111111111, mu, 11111ὖ1
1111111111, 1111111111· mini 11111 mot· 1111- 1111111111111111111111. 1111 11111111 mm 111
1111111111, 111111 111111 11111111111111111 1111111111· hot-q 1111111111111 111111, 11 hmo 1111111111·
1111, 1111 11111111 111111111111, 111 111111 111111111111 111111 11111111. · ,
11111111111111111. §- 181 1111111 1111111111111111, 11 Χ11.Ρ11111 mum 11 mm (31.11111
quiden 111 1111111 111 111111 1111111, 1111111 111, 11111 11 111 1111111111· 1111 uu, ῃΙ 111 11111101, 11 1111 eo.
procurator 11111 hainou 11111111111, 111111 111111111 1111 11111111. 1. 1. 81 1111 111111111111111 111 1111.
mea 1111111, 111111 111, 1111 111111 1111111, 1111 1111111· 11111 1111111111, 1111111 11111111, 111111 11111111 111111-
11111111. 1. ’1. 111111111111 8111111111 «rhun, loqu 111 interdictum. 81111111111111111111111111υ1111
contravenio 1111 , 1111111011 , 111 1111111111 muscum, 1111111111 1111111111, 111111 1111, d &fluuii 1111111
11· quiden 111111 domini casam 111» 11111 1111111111, 111 1111111 volunt-tm 11 11111111111, α 1111 huie 1111111111
tamn 1111111111111111111,.υ111111111ω,ωμ 111111. 11. imm 111 nudatum, apo-im,
admittendum 1111111111, 11 am 11111111 111 11111111, patientium 11 1111111111 11111111 111111, 111 11111111 11111-
·111111 quidm 111111Μ, nt 1111111111 1111111111 1111- 111, 11111111, 111 11111111111 11111, 1111111111 1111111
1111,111111111111111’11111111111,11111111111111111111111· 11111. . ,
u 1111111111. RVH. 111111 Unum 11 Efflu- 1111111111.
XW. 1111111111.» ur 111. Bc'gntom 1111111 qnod virumn 1111111111 1111111 1111111111, 11111 pet
11 11111111111111111111 1111111 1111111, 11111111111111- inquilinum. . .
11 11111111111111, 1111111 in 1111 111111 111 1111111, 1111- xvffl. 111111 lim w. mm. 81 int·-
111. 1111 11111, oum 1111111 111111 11111,111111111111- 1111 dim 111111- 1111111111111, 1111111111 111111 111
111, 111 1111111111, 1111 11 111111111111 11111111111, 1111- dm 1111111111 11111111 1111111111 1111111, 11111 11111
mn ml 11 111 1111 1111111111 11111 1111111111. 1111111 11111111 111, nihil 1111111111. 11. 1111111111
111. 11111111111111ΧΧ1. 1111111111. 1111111 1111111111 1111 11 1111111111· 11111111, 1111111111111
1111111111111111111111111111111111111111 1111111111. 11111 111111 11 1111111111 1111111, 11 antonomum 111-
1111111111 11111111111111 111111111111111 11111ιί1111- 111111,11111111111111111111111, 1111 11111111 1111111.
11 1111111111, 1111111111 [11111111. 11. 11, 11111111· 111„ 1111111111 mn ΠΗ. dmm-n. lateii.
pptinondum lamera, 1111111 11111111, 11 11 11111111111- 11111 1111 11111 11111 1111111111 111111111111111111 1111-
111 1111111111. 11111111 ; 11111111 111 11111 111 111111, 1111111111111, 8111111 111.
111111111111111111111111.11111111111111111111111111, XX· 11111111 &bolm- 11 &lha- v} 11111111
1111111111 111111 11111111, 1111 111 1111111111111111111 111111 111111111111111,1111111,111,1111111111111111111,
111111, 111 11111111 11111111 111111, 1111 11111111, 1111. 1111111111 11111111111111111111111111 11111111111111
m 111111 111 11111111. 1 1. 81 11 11111111 111111 11111 1111111111111· 0» 1111111111111111 111111111111 11111-
11111111 111111 11111 1111, 1111111 111 11111 11 111 111 11111111111 1111, 1111111111111ὴη111111111, 111
11111 1111111, 11111 11111111 11 11 11111111 11111111 11111111 Ι1111111 mmm, ῌΙιιὶο 111-ὼ 1111111111 mh.
11111111111,111111 1111111 11111111111111111111111111 Η 111111111111111111111111111,11111111111111·
1111 1111111111 1111111111 111 11111111 1111111111, 11111- do· 11111 mm 111 11111111 1111111111 a· 11-
11111 11111111 11Ιί11111 111111111111111111 111111 111· 11111111, 1111111 11111111. M. 111ι11 1111111111 m
11111 1111111111,111111111111111111111111,1111111111 11- 111 111111 11111 mk, 11111111 111111 mmu-
11111. 1111111111111111111111111111111111111111111· 11111, 1111111111 1111111111111111, 111 wne 111 11
111111 1111111111 11 1111111 111111111 111111111111111111 1111111111. Η. 11111111111111 111 h ὺ111111111111
11111111 11111111 1111111. 1111111111 11111111 111111 111- 111 1111111111, 111111 mu, 111 1111111111 111 m
1111111 111111. 1. 8. 1111 1111111111 11 11111111 1111111- eu. 11· 311111 wilm, 111111 pilleo 1111111, 1111 11
1111111111111111111 1111, 1111 11 111 11111111, 111111 1111 11111,111111111111111,1111111111111111111.
11111111111111111. 111111111111 1111111111111, 11 m. Ρ1111111111 11111 mx. 11 Sabim. ὅ
111 11 1111 1111111 1111111111 111, 1111111 111111, 11111 1111, munitium-numu, 11111 1111111111111
perfeetum 111 111ς11111111111111111111111111111111 n. 11111111111111111511· 1111111111111111111111111, 11-
11111111 11111111111111111 1111111, 111 1111 1111111111 11111111111111111111111111111ι11111111111111μ.
11111111, 1111111111. 1181111111111111, 1111111111 si 1111111 um mmmm, 11111, quatuo!
111111 111, 111 111111 111 11111111, 111111111111111111 111 11111111, 11 1111111111111111111111 111 mim, 111-
111 11111 1111111 111, 111 11 111111 1111 1111, 111 11 11111 111 11111· 11111 1111111111, 11111111111 11111111111, 11111-
11111 111 1111, 111111 1111, 111111 111111 1111111 1111111 11111111 1111, 11 1111111 1111111111, 11111 111 1111111
111, 111111 1111 111111 11111 1111111 111111111111111111111 111 1111111111. §- 1. 11 11111 1111 111 11111111 11111 1111-
1111, 1111 111111 1111 1111 11111 1111111 1111111111111 1111 11111111 111. 1 1. 81 1111 1111111 1111 hau 111
,1111111111 111, 111111 1111111111111 1111111111111111 in- 11111111 1111111 1111111111 11111111 11 111 111111111111111.
terminu. 1. 1. 81 1111 nimbum mmmm, 11. xxu. V 111111· 11 11111 11. Medio-'om 81 vim
1111 111111111111111111111 11 11111111 111 111111, 111111 11111111· 11111 1111 11111111 uu 1111111111, 11111 h
111, 1111111111 11111111, 1111111111 111111 1111111 11111111 mantuanum 1111 11111111-
1111111 111111 111111111111111111111111111111 1111111. 11111 111111 111ι 1111111 1111111111, nuh-nun

1111111111111,111111111111111111111,11111111111111- 1111111ς11111111111111111111111111111111, 11111· ’
’ · 11111111111111111111,111111111111,1111111111111- 1111111111111111111111111.1.1.11111111111111ιει

11111, 111111111111111111111111111111111 nnn-3 11 11111, 11111111111111111111111111111111111111111111·
111 11111 11111 11 11111111 111111 1111111111 1111111111111. 1111 111111111 1111111111111111111 1111111111 1111111111
1.·1.11111111111111 111111111111111111, 111111111111111.. 111111 111,11111 11111 11111, 1111 11111111 1111. 1. 2. 11·
term, 1111111111 eu. 1111 men 11111. 11. φοι. 11111111 mut-mnam, 11 mmmm, 11- 111
1111 1111 11111111111111 1111111111 111, 1111 omni 11111 111111111111, 1111111, 111111 11111111· 1111111111 1111 vi
111111 11111111 111 1111111, 1111 111111 11111, 11 id 1111, 11 1111111 egerim, 1111 11111111 11111, 1111111111, 11111-
11111111 111, 11111111111111111 1111111 11111. 11181- 111111111111, 11111111 111 1111111111, 11111111· 1111111,
80 1111111111 111111 1111111 11111 1111111 111, 11111111 111 11111111111111111 11111 promum-d 111111111111,
propter 1111111, 1111 1111111111, 1111111111 1111111111 111111111111111111. 1. 1. 11 maneum nm n·
111 1111111111 11111111. Quod 111 1111111 1111 1111111, 11111, qm 1111 111111 11111111, 1111111- ῇ111 hd
11111 1111 111111111111111, 111111 1111111 111111111111 1111111 11111, 11111111 1111111111 miamin-meri

¹ 1111111111, 11 1111111111 111111111111 1111111 111 11111111 11 1111 11 111 11111,·1·11111111 111. 111111 111111, 11111·

1111,11111111111111,11111111’1111111111111. 1111111111 11, 11111111111111111111111 1111111111τί1, 111 111·

111111111111111111111111111,1111111111111111111111111, egerit, 111111111111111111111111111111111111111111-
111, 11 111111 111 111111. 1111111111111111111111111 111. 111111. 1. 11 111111 proheta 111 utimr-imul-
1. 11. 11111 111111, 111 1111111111 1111111, 111 111111 111111 emm 1111111111, 111111 unm-mmmm
mmm, 1111ί11111 1111911111» 11 11 W& 1. 11. 0111111 11111 1111 11 111, 1111 11 11111111 1111111111 11111111,

 

