tnnnx.

4414411144 44444144 141414. 1. 1,11.

14 1144111444 patronorum 1414141. 1, 11.

14 14411144 141414. 0. 1, 10.

14 legitimis 1444111144. 0. 1, 18. ,

14 1441114414 141441144. t). 20, 4.

14 11141114 1141444ιί14, 4414441411 dicuntur. 1). 41, 4.
1411144411 44444. 11. 40, 12. 0. 1, 10.

14 libentione irgutn. 1). 14,1. ,
1411114414 41 44414414 1144411144 144111444114 441 441444·
1444114. l). 2142. ¹
14 1114414 4411144114, 1144 14444114. i). 42, 10. 0. 1, 1.

1411144414 proeteriit· 44144144414114. Gr 4, 21.
r. 44441444 n. 1, 4. c. ιο, nu
14 11144114 41 eurum 1114414. 0. 4, ’1.
14 liberti· univerrituturu. 1). 11, 1.
441111414414. i). 44, t. 011, 11.
1411114 4441441411444. 0.1, 1.
14 litorum 41 itiner 44414114. 0. 12, 41.
141111444444 4111 orne. 1. 1, 21.
trunti 44414411. t). 11, 2.
14144404444144414411444. 1 , 1, 24. ,
14 1444114444 4444114444 41411144 414. 0. 11, 11.
14 14441441 conductu. 0. 4, uu.
14114414 41 itineribus 44111414. 1). 41, 1. .
1414444411441444414. 11. 42, 1. 1
14144411444441444444414ιί444, 4444 pro 111441414 414.
opponitur. 0. 1, 22.
14 1444414 414444144444, 41 mansionibus 4114144144 414.
c. 11,12.
1414111444 pignoril. 0. 1, 11.

Μ 1
ie ssugirtntibuu 444444144114.11. 21,1. 0.1,11.
14 2144141401444441414411144. 0. 1, 10.
14 1144141414 44444444 4441414444. 0. 12,1.
u. 44444 c. ιι, in.
414 144141414 41441144411414414. 0. 1, 18
14 1444414114 414414414441414441411444141441444. 0.
ιι, ur.

14 114414114441441444. 0. 1, 11.
11441411 4414414144. 11. 11, 1. 0. 4, 21.

¹ 14214414141. 2, 24.

14 1444444141οηί14 11. 40, 1.

14 214444141441144, 4444 444414 41 iuventutern 44411·
44411144 1444444144. 1). 40,1.

14 1444441414 1441444414. 1). 40, 4.

· 141144441414 41411414. l). 40, 2.

1411441144411144 4411114. 0. 11, 21.

1414444441144. 0. 12, 24.

1414414114114 4144141114 414. 0. 11, i.

teneruit· 414411441414. 0. 12, 41.

141141444411 Beryto. 0. 11, 21.

14 1114444414. i). 41,12.

14 141111441 14414444141. 2, 11. 12. 21, 1. 0. 1, 11.

44 11111441 44414. 0. 12, 40.

141414441144 XXV. 44414. D. 4, 4.

44 titurio muirturun, 444441411411441411444144. 0. 1,14.

1411444441114 41 conventu 444411414444 11114114 414. 0. 4,10.

141144114444144411441144414441441144. 1). 21, 4. 0.1,11.

1411441444 1414444414 41444414444411144414. 11. 11, 8.

14 1141144144 , 14 qun 1444 444444 414. 441 ionum 4444-
44441. 0. 10, 12.

14 2141144114, quur 44 proprii· 444414 iunxerunt. 0. 1, 11.

141444441144 4144441141). to, 4.

14 114444114441144441144 nun 444114444114 14144 putrem
4111144 414. 0. 11, 40.

14 1444441144 4414444144444. 0. 11, 41.

14 1441414114 41 4141444114. 0. 10, 10.

14 144411444114 414. 0. 11, 1.

14 lutatium 4441414. 0. 1, 21.

Ν.

14441444444441444114. 1). 40, 11.

14 1414411144 1114414 41 44141144 eurum 414. 0. 1, 21.

14 4441444114. c. 11, 1.
1444144,44444444,4114144141444441444411144411.4,1.

4411441144 1444444. 1). 22, 2. 0. 4, 12.

14 1144114 2114414414. 0. 11, ln.

4411441144 nnn 4444444114. 0. 11,1.

il

14144144144114414. 0. 11, 1.
141141444414 444414144411144 144111444114 4414414111444·
114. 0. 1, 21.
Ne christianum mancipium 1444441444, 441 1414444, 441
444444414114414140. 1, 10.
liu 14 41414 intuuntur-un 4441 quinquennium quurrutnr. ·
n· 4⁰, 1ῦο c· ³,210 Ι

’ 11411414444444 441 4441414444 141144144144. 01, 20.

4411144 444 putre, 441 44144 44411144444414414, 441 it·
144144 pru putruuo, 441 444444 pro 1444144 444144414-

Ν1υ1141441414ῗιςυ44 44411111, 4414441. 0. 10,1. ⁴

Ne 44444 441 4444411144 prouurutinneru' uiicui 4414441411
4444414111444444141. 0. 2, 18.

¹ 1144404144 44 41111441. 0. 12, 11.

141144411144441141. 1, 1. 0. 2, in.
Ne 114441 iu 444 4414444444444144114444444444414..
c· τ’ τυ.
Nu 114441 441441141144 441444141441111444111444444·-
41444 414. 0. 2, 14.
11444141 1144444144444 4414414414 0141411 414. 441444144-
44, 4414144444. 0. 1,1.

, neopum 4 441141441144441444144. 0. 10, 24.

Neptu 1414144444441444 4444111 4111444144414. 0.1,22.
linquitur luminu 4411144 141, qun 411144 44441441414.
1). 42, 11.
Ne quii 14 ineu 4411144 tint. 1). 42, 1.
1144411 14 1444444141. 11. 41, 1.
1444114441 publicu 1444444144. 0. 11, 4.
Ne quir 444, 441 iu iur vnuuiritur', 41 441441. 11. 2, Ι’1.
Nu quir iu 444 44444 1411441 414. 0. 2, 1.
114441411144144114444144 reipublicae 444444 4444144.
c. 11, 14.
Nn 441 1414141444 441 1444144444 414114411414444444
praescriptione 4444444414. 0. 1,14.
Nu 441 4411114414 4414111144 441 tribuni· 1444444 prur-
4144144. 0. 1, 41.
1444411441ιὶ 41 utinm 4144441441444444144. 0. 11, ti.
1144444144 14411444 iteretur. 0. 1, i.
Nn 4144 14444 principii 444114 1411411144 1144414441144444.
c. n, 44.
Nu tutor 441 4444144 4441144114 eundumne . 4, 41.
Ne 4444 444 aurito, 441 4441144444 44444, 441 44144
pru 1114 conveniatur. 0. 4, 12.
Nn 41414141, qui in 4444414444 414444 441. 11. 41, i.
Nitrit 14444441 44441141144414144444114. 1). 41, 1.
lo Niii 4444411144 uun 4444444114. 0. 11, 11.
Nun 114444 1441141441144 4414444144 1444 444 4144-
truncum 1444414444. 0. 11, 11.
14 Nou 44444414 4444414. 0. 4, 10.
14 1144411441144 41 14144411441144. 1). 41, 2. 0.1,42.
riu 11441 444414 44411411444. 0. 1, 11.11. 11, 1.
1411444111444411441144. 1. 4, 2. i). 1, 4. 0. 1, 41.
14 4414144404141144 14114414. 0. 1,21.
114111 114444 in 1441414414. 4444441144 414. 441444 414.
14 1144441414, 441444114, 41 4144141414 414. 0. 12, 41.
14 Ν4411414. i). 14, 11. ·
14 2144111414 41 4444411441144. 0. 4, 00.
14 14441114. 1. 1, 11. 0. 1, 4.

0

14 0111411444 44144441. 0. 12, 41. ’

14 0111440441144. 1. 1, 11.

14 obligationibus 414411441144. 1). 44,1. 0. 4, 10.

14 01114411441144 44 4144444441. 1, 22.

14 01114411441144, 4444 ex 1411414 4444444144. 1. 4, 1.

14 01114411441144, 4444 44414444414414444444144. 1.
14 0114411441144, quun 44441 44 1411414 4444444144. 1. 4, l.
1401444414 4444411144414414441444444144114. 11. 21, 11.
14 1114444114 4414444 44444144114. 0. 4, 1.

14011414 4444444441). 1, 22. 0. 1, 11.

14 011414 4141114414114444. 0. 1, 41.

14 011414 44441114 44144114. 0. 1, 14.

14 Officio 4441114 rerum 4414414444. 0. i, 11.

14 omnio 44441114 44444444 largitionum. 0. 1, 12.
1401141444441114 lueri 4414111. 0. 1,14.

14 tilleio 4441114 ueri 4414144411. 0. 1,14.

 

