111 1111111111. 1, 111111111111111111

111111111111111111111111111111, 111ι11111111111111- 11111111111111111111,111111111111111. Η. 11111 n·
111111 11 111111 111111111 1111 111111 111111 venire. 11111 111 1111111111111111 mm 1111111111 1111111111 11 11111,
11 11111 111111111111111111111 111111, 11 1111111 11 111 111 11111 111111, 111111 unm 11111 1111 111111 1111111111
11111111111111 11111111 1111111111111111111. 1. 1. 811- 1111 ,1111111111 111111 1111111111111111111111111
1111111111111 111111111111111111111111111,1111111111111- 11,111111111 11111111111111. 11. 11111111111111,
11111111111111111111, 111 11111111 1111, 11111111, ,1111111111 11111111 111111, tune 1111111 1111, 11111111
1111111111111 111111111111111111111111111111111, 111111 1111111111 11111 111111. μ. 8111111 111111 1111
11111111111111111111111. l. 2. 8111111111 111111 11111111 111111111111111, 11111111111111111111,11μ1111;111111-
11111111 111, 1111 11 1111111 11111, 111111111111111111- 1111 11111, 1111111 11111111 1111111111. 1. 1. 11111 111 1111-
1111111. 1. 1. 11111111111111 11111111111111111111111- 111111, impensarum 1111111111111111111111111, aeter-md
11, 1111 1111111111,.111 111111 11111111111111 111 1111, 111. 1. 1. 1111111 1111 1111111 1111111111 111, 11 11111111 1111
1111111111 pecuniam 1111111111111. 111 1111111111, 111111111111111111 111 conputari mulieri,

111. vetulum Χ Digestorum. 1111111, 11111 11111 111 11, 1111 11 1111111111 111111111111111, 111 1111111 11.-
111111111111,11, 1111 11111111 111 1111111111 matrimonio 11111111111111111. 1. 1, 81 111 1111111111 puter vel 11-

· 11111, 1111111111 1111111111 1111111111. 01111111 11111111 111111111111111111111111111111111111111,1111111111·

111,11, 11111111111111111111111111111 me 1111111111. 111111111111111111, 111111 111111 1111 11111111. 1. 11. 111-
111,1111111111,11111111111111111,11111111111111 111111- 11111,111111,111111111ο 1111111111 111, 11111111111111111-
11 1111111111 111111 111111 erg· 111111 1111111, 11 1111 11111 tem oportet, aomequm ‚qum ent, ut „1 panciano„ 11.
111111, 111111111111111111111 11111 111111 1111 11111. 111111111111111111111111111 1111111111111 1111111 tuin
11111, 11 1111111111111111111111111111 1111111111 11111- 111, 11 11111111 11111 1111 11111111111. ss. 81 muel·
111111111111111111111111111111111111111111ς11111. 1111111111, 1111111111 1111111111111111111111111111 11-

. 11111111111111111111,111,111111111111111111111111111, 11111111111111111111111111111111111111111111,

11111111111111111111111111. 111111 111111111111111.
vu. 1111111111Χ111.111111111111. 8111111111111- 11. 1111111111Χ1Κ1181111111 provinciale„ Hi!
1111 1111111111111111, 1111111111 111 11111111 11111, 111 11- 11 1111111111 1111111 11111 1111111111 11111, 11111 11111111-
111111 11111111111111111 1111111 11111111. 8111111111 111 patu, 1111111111 1111111, 111 11111111, 111 11 moer&
11111111 111111, 11111 111111 1111111111. 1111 poterit, 11111111ς 11 111111 11111 1 plinus 11111, 111
11111. 1111111111111111 111. quemnam Numn- 1111111111111111111111.
11111 Praetor 1111111111 uon 11111111, 11 1111111111 muln· 111. 11 ip 1111111 11111 17. 011111111111111. 81 111111·
11111111111111111. 11111 1111111 1111111 1111111111111, 111111111111111111111111111111111111111111. 1111111,
111 11 111111 conterendi· 111111111111111 111111,1111111111 ,1111111111 11111111111111, 111111111111111 111111 11111111
1111111111111111,1111111111111111111111111111111111· 1111111111111111111111111111, 1111111111 111, 1111111111
11111111111111111111111111,1111111111111111111111111- 11111111111111111 111111 11111, 111 111111111111111111111·
deri 1111 pemmonem 1111111111,111 111111111111111111 ης 1111111111111 ex 1111111, convortitur 11 contu ¹⁸·
1111111111111111. 811 benignior 111 1111111 1111111111, 11111111111111111111111111. 1111111 11 ex minore 111111
1111111111111111111 pureum 111111111111 1111111111. 111111111111111111, 11 1111 11111111 lummffliteulr!
111111 111111 11111111 admittendum existimuilntntonpm 1111111 11111111 1111111111, 11111111111111111 dimin
1111111111κ111111111111111111111111ς 1111 1111 111111, 1111,1ο111111111“1111111 1111111111, 111111111111111111111-
1111111111οᾺ boumn 1111111111, voluntarium 1111111 111111111111111111111111,111; 1111111111 diceneum.
11111111111111111111,11111111111 111. 1111111111 putentium venientem 111 111111 111111 111· ,
111. laen Bbrolffssemmrnq. 11111111ωά11111 1111111111 1111111111.
1111111111111111111111,111111111111111111111 nepo· ex 111. 1111111111 11111 mad ostam 11111111. 81
11111111 11111111 1111111111111111· 111111111111111111111- 11111111 1111111111 1111111111, 111111 exheredata, 111
1111111111111111111111. 11111 11111 11 ponte! ‚ponet- 111111111111111111111111111111111111111 1111111,“ ΗΜ
11111111 1111111111 111111 11111111, 111111 1111111111111111111 1111 111111 111111 1111111111 1111111111.
11111111111111111 11111111111111111111111111111 11- 1. Pa 111111111111 7. Responsum. Fufium·
11111. 1111111, 1111111111111111111111 11111111 11111111 1111111,
Χ. 81111111 11111 7. 0111111111.. 1111111111 11- 11111111111111111111111111111111111,111111111111, 1111
111111111111 111111111111111, 11, 1111111111 1111111111- 1111111 11 1111111111, 11111 11111111 111111111 mmm in·

. 111111 possessionen 111111 1111111, 1111 111 11111, 111 1111111, 1111111111111 1111111111 111111, errorem 1111111 enu-

111111111111 11111, 11111 11111111 11 11111. Sed 111111 111111111111, 1111111. noun 1111111 frtri 11111111 m
111111, ης, 11111111111111 1111111111111111· 1111111111 1111111, 11111 11 1111111111 frumento 111,11 11111 {ruffin
1111, 111 1111111111 1111111111111 111111 111111, 111 11 1111111111 111-111111111111111111111111111111111111111-
1111111111111111,1111111111111111111 1111111111 111· 111 11111111, 11 11111111 1111111111 1111111111 1111111 px·
1111111111 11111111. ’ 1111111111111 1111 111111. (1.1. rina, 1111111111 nufi-
ΧΙ- Ρ1111111111Π. hunum 1111111111111- 11111111111111111111111111111111111111111111. virt
m: 11, 1111111111111111 111111 1111 11111 1111111111, 111111111111111111111111111111111111111111111,1ι1ιι
1111111111111111111, 11111111 prim consecutum, 1111 ‚emancipatus 1111111111. [mem 11111111, 11 m· 111111
1111111111111111, 111 11 1111111111111111111111 111, 111. 1111 1111111 1111111111.
11111111111111, 11111 pon 1111111 1111111111 11111111· 111. 111 11 libro rt. Raptum. 11111 mnan·
1111111, 111111111111 111111 11 1111111111 11111111. ,11111111111111111111111111111111 &herewin 1111 iut-
1111. 11111 mammem 81 praegnante! 1111111111 1111111 1111111 1111111111 11111111111 mm.
1111 1111111 1111111111, 11 11 11111111 11111111 11111111111- Non 1111 11111111 1111 propri· ’11111111 mudum 1111011·
nem 111111 111111, 111111111111111111111. Nm 1111111111 111 111111111111111 competere 1111111
tuentur, 1111111111 111111 1111111111111111111 mmm vll. Paulus 11111 Π. 1111111111. 1111 11111111·
11111111111111. 1111111111111 11111111, qm 1111111 lm 1111111 1111 h-

, ὓ ΤΠ· Ἧι· Μι11111.1111111111111111ΧΙ. Remum· ΜΒ
3 ”⁰²¹⁸ ⁰⁰MM¹⁰W 1111111111111111111111111111111111111111, ὲΜΜΙ·
ΙΙ. 1111111111 11111 XL. 11 1111111111. §mm 111 11111111 11111111,111111111111111111111111,111111111 11·

111111111111111111111111111111111111111111111, 11 11111 1111,11111111111111111111,ω1111111111 mmmm

11111111 nomenniomen, 11111111 1111 111 11111, 11111111 1111. 111111 1111 11 11111 1111111111111111111111Ν Μ 11

111111,111101011101111111111111111111111. 3111111111 11111111111111111111111111111111111111111111111 m·

111111111111111111111111111 ,11111111111111111 petie- 11,11111111111111111111111111111111111111111. , v

1111111111 1111111111111, 1111111111111111111111 1111· ΙΧ. Tryphonem 11111 rt. 111111111111111. M

11111 111111111111111111111111111111111. 1. 1. 81 11 1111111- 111111111111 11, 11 111 111111111111111111 1111111111. ffi- ·

11111111111111111,11 1111111 1111111111 1111111111 111, 111 1111111111, 1111111111111111, conpellatur 1111 1111111111

»pn negotium 1111111, 11111 11111111 11111111 111111 1111 111111111111111 rescripta: 11111 mem 1111111111· 11 “

111111111111111111111,111111111111,11111111111111111111111 111111111111111111. 111111111111111111111111111111·

 

