INDEX TITULORUM

14411111141111, 114114111111 11 comem,-
ORDINEUALPHABETICD DISPOSITUS.

Α.

44 4411414. D. 41, 14. 0. 4, 41. ·

44 mni-nim. 0. 4, 44. 1444, 14.

44 444411114114114. D. 44, 4.

44 44441111111141441. 0. 8, 44. · ·
44 44411111411441 41111411111411444. 11. 44, 4. 0. 4, 4.
114 441111414141 1411441141 1144444414. 0.1, 44.

44 4411114441 441 1111414441 14411141414. D. 44, 4.

44 4411114441441 1111141141 1414414114. D. 44, 4. 0. 4, 44.

’ 44 4411114144 1441111 44411114. D. 41, 1.
44 441111111414 141441111114141. 4. 4, 14.
44 44114114 441411 uotum. D. 44, 4.
44 4411411414. 4. 4,4.
44 4411411411414114144114141. D. 14, 1. 0. 4, 44.
44 444414 1111414 44141111411 41144. 0 4, 81.
44 4441114141411141111. 4. 4, 41. D. 44,4.
44 4444111411 nsum 4. 44, 4.
. 411 exhibendum. D. 14, 4. 0. 4, 44.
de 4411141414 441 41111141411411 1411111. 11. 44, 4. 4. 4, 41.
441414111411111141111114,4.4.4,4.0.4.44.
44 legem 0111411411 44 41111401,11.11.11,14.
44141440414411144411414111.1111441, 14.
44 1411411 4141114411111111114. 0. 4, 44. D. 48, 14.
44 4141181141411144 D. 44,4. 0. 4,44. 4.. '⁹ ‚88
44 legem 111111144 1411144111. D. 48, 8. 0. 4, 4.
44141414 1111111114 nitu. 0. 8, 4411. 44, 14.
¹ 4414141111111111441111111).44,40.4,8.
44141411111141144111111414. 1). 48, 14. 0. 4, 44.
441414111111111414111414111. 0. 4, 41. 1). 44, 11.
44141411111111444111141144. 1). 44, 8. 0. 4, 14.
44 141411 1411114 41 ’41 1114114. D. 44, 1. 0. 4,· 14.
4111414111 1144111111. 0. 4, 41.
44 44111114111411441144141114 11141111 41 4141141411 414.
14 4411111111114141411414414111414441114414111114444.
44 4411111411114141441111141141111. 0. 11, 411.
114 4411111111114114 44441111 441 curatorum 414. 0. 4, 41.
4411111111111114441114ώ11).14,1.
44 444111441411. 4. 1, 11. 0. 8, 48.
114 441111111414 444141441111114111411444. D. 1,1,.
,411 80. 41144441111141. 0. 41111). 14, 4.
44 80. 041414111111. 4. 4, 4. 0. 8, 41. 1). 44, 11,
4480.Τ4111111111114.4,.4..0. 4, 44. D. 88, 11.
144 80. Trebellianum. D. 88, 1. ,0. 8, 44.
44 80. Turpillianum 414. 1). 44, 14. 0. 8, 41. 44.
41180114111111111414, 10. 4, 28.
44 4444411144141411411111141414141. 0.4,1,
44 4114441111 4144114111111114111 D. 4,4
44 1144441414 4141 0. 4, 8.
44 4441114111 1114441140.8,10.
44 ,4141111114 14114114110. 41114
114 4441111111 414414 44411. 41,1.
44 4111111141141411444. D. 14, 4.
44 4141141411 11114414. c: 14,- 44.

44 4114411441 44411411, 44 4414111. 0. 11, 41.

44 411144111414111411111444111111414414. 0. 11, 41.

44 4444 1411114444. D, 44, 4.

44 41414441414. D. 11, 4. 0. 4, 44.

44 4141144 11114111 14 1444111411. 0. 4, 4414. 11, 4.

44 41441441114 1111111411. 0. 11, 48.

44 41144141414 11141411 1111111111 44111 41411. Dm. 0. 4, 14.

44 411141111 11111114 ummah. 0. 4, 44.

44 4114141111 441 41441111 1434114. D. 44, 1.

44 411111411411, 41 1111411111, 41 1114111 444. 0, 1, 44.

44 411111 11441114141111141 441111111114114441414. 0.1,44.

44 41441111 414111411. 0. 11, 44.

44 4111411141 411141141444111111141111141 414 0. 1, 44.·

44414411141411111411.0.10, 18.

44 414111 111111141 4441441111114. D. 44, 1.
4114111111411144111411111441111444111441114.1).44,4.
411 1414111111 11411414 1411 manumissionem 1411111111.

44 4144111 14411411 414. 0. 14, 44,

44 4114141111. 0. 1,1,.

44 4111111411411441111101141111. 0. 11, 41.

4441111114114141114111111 militurn 414. 0. 14, 44.

4444114414111141414411 1111141114. 0. 14, 14.

44 4111411411411111141441111111 0. 14,44.

44411111141141111141441411114 11141441401114

44 4111111411411 proconsuli· 11141111. 0. 14, 44.

44 41141111141111141441111111141141 0.1, 44.

44 41141411411411 411411114114111. D. 44, 1.

41411411111411414 1441114144 441 ron. D. 44,4.

4144 4114, 11141114114111, 111111 4111111 11414 ,4111-
14114111111. D. 44, 14.

44 4111441411. 0. 11, 44,

4441111141 111114 11114114 11441414. D. 88, 4. 0. 4, 44.

44 41111 1144141111 44 4441141. D. 44, 11.

4 quibu· 1111411114 141 11441. D. 44, 4.
4141111114114411. 0. 4, 41.

44 4144411111 4144441111. D. 44, ,41,
41441111 11111111 4144111111. D. 41, 1.

44 Argenti 114414, quod 1114411111 1114411111, 0. 11, 14.

14411411114414114441. 0. 1, 11.

44 411411411444, 41 4414141411, 41 ι411441111114 11444114. 0.

DDDDD

44 411111 111414 11441411. D. 88, 4.

44 41114144141144114111114. 4,4.

44 41114111. 0. 14, 88.

44 44111114 414414 414. 4. 1, 44.

⁴ 44 41414111114 41 41114111 ,11141111 414111441111. D. 44, 8.

44 4114411114411414411141. 0. 4, 14.

44 4144411111411141111 41 curatorum. 4. 1, 41.

. 44 4111111141ἰοὶ 141444111ιί1114.0. 14, 14.

114 Auro, urgento, 414. 41 41111111411111. D. 14, 4.
44 Auro coronario. 8. 1414.

B.

· 44 1141111 1141411114 1141411 1441144144 414. 0114. D
44 4114441144 41 41411414 11114111 Ι414. D. 41, 4. 0. 414, ,

11, 1. 4. ι

 

