nunu 11

01141111114111111111114,14111111111111111111
11411411. 0. 4, 41.

&gammo 1111 Wlfflin mdnhntu. 11. 41,
Qun 144 tong- 1111114111. 0. 4, 41.

Ι
, “ommam 180 ου’, ⁴¹0
110111411411114111114111111111141011,1.

011141 :mundun 11141141111114111111. 41. 41, 4.

01111 dvm· 11411 «rium ,rud-Bm 141. 0. 1, 11.

nudo 111141 m· 111 114. 0. 1,11.

0111111111ηι4οοσ411111141114.11.11,1.

011111 1111 lenti 111 1111111111ιὶ 11114. 0. 1, 11.

nendo 1411 mem 111 “mimum 11114.

0111111111 1111111411 111141 11114. 11.1,1.

011141 1411111111141 μη 4111411 a 41141 1111111·
m 141. 0. 11, 11.

qundo 11 neto 4141111111 11114114· 1111111 um 111
convenit! 111114. 11. π 0. 1,11.

Quodn 11111 111 prim 1141141111 mummia-
1111114411 pamm 11111114 141. 0. 1, 14.

amula? ,1111 manua-mum 1.
. , .

011111 11111411 1141111 1411111111. 0. 4, 41.

qundo 111114 1111111111 du 411411 u 11111111 141.

01111111111111111 Molo· 11111 111114. 0. 1, 11.

011111 m mutin m 1141141111 munt.

&thumum-u. 01,11.11.41,1.

011111 4141111111 our-tom 1111 11141114. 0. 4, 41.

011111111111144111141411.11.44,4.

Quendam-1 1111111 1111111 1111111411. 0. 11, 41.

01111411111 1111141411 1114411411. 11. 1, 1.

011111111114114111141 1111111411, nundum, 14
&curib-ntor. 0. 4,11. m, 1.

(Qut 1411444 11 bom· 1111111111 ponant 141. 0.

0111114141 11 11111114. 0.1, 11.

011 114141 111 1111111111 111111114. 0. 11, 41.

Qui 11111 111111 pomi. 0. 1, 11.

4111111114 nouum 1111111 buliu mter·
111 1111401011.

oniba 14 1111141411 mm 111 11114. 11.41,11.

eust-2 nne-m nm, reu ...11,1.

01111111 111111 11 pemmo· 11411. 11. 41, 4.

011111 οὐκ {tub 1111111 41 11411111 111414111411. 0.

5⁴0 Φ , σο

01111111 111111 1111114411 m 111111. 1, 1.

014111 11111411 pmcn 1141141411 11111411. 1. 1, 11.

0141111111111111141141111411.1.1,11.

011111 11111 mm 114 mosten 11111411. 11. 11, 1.

011111 111111 11 mnu-mor 11011411. 1. 1, 14.

011111 111111 4114111111 1111111411. 1. 1, 11.

quibu 11141414111114411. 1. 1, 11.

011111 11411 1111411111 111 1111 1114414111 11. 1, 4.

0110111111111111111141144, qn! pm 1111114111 11-
414111 ve! atomum 111111111111 1111 11111-
111 11111411111111114111410. 14,11.

11 011111 nouerim· 11111111144111111 1111111 11111411

&mammem memo. 14. 11,11.

011111 m 114 permissum 111111 testamentum. 1. 1, 11.

011111111110114111111141111111111111111411. 0.1, 41.

11011111 11111 11 eundem 41111111 111111). 11, 1.
01111111111111141111 11114. 0. 1, 10.

ou} 1ῗὲ ‘ulma' 111111411111111114, 14 qui 1111 ροι-
111 ., .

(ὶὲῖ 3¹ 21111111 qum 11 4141111111144411 nun pumat.
. , .

Qui 1411114111 11111111111114 11141114, 1411111111
1111111 Bentian. 1). 41, 1.

Qui et ex 1111111111111111111441111111111114. 1. 1,1.

411111μὲ1ἳῖ 11141111411111 11111111111111114111
¹⁰¹¹· · 1

011 nun-mmm 1111114, 14 ιο 41 4111111 1111441-
111 munimur. 0. 1, 11.

011 11114111 poma! 111 111 ponunt 141. 0. 11, 14.

Qut 1111111 exeunt. 0.1, 11. 11, 11.

011 non 111114111111141411 1111111411. 0. 1, 11.
(1111111111 liberorum 11 11111114. 0. 1, 41.

011 mero 4141111111. 0. 1,11.

Qui 1014114841141111 111 ommno, 14111 1111141111,
0161 11411111 ln pig-on 1111114111 111111411141.
unffi 1131ῗί11ῗὲ1... 11... un 11111. ponam
0⁸⁰1ss 2’30 umnam. o. 11, 1.

0141114111 ,11111114111111 11111411. 11. 11,11.
(1111101111111111411, 1111111141 111111114141. 1111.
011 ,1411 manumissione 11 1111141411 perveniunt.
0111111011111141111111 pentat, 14 quemamodum 41141·
1114111114. 11. 11, 1. 0. 011. 11.

01ἐ4ἱ112ῗ1141 4141111 dui 1111114. 1. 1, 14. 11. 14, 1.

(lutei 134131 11411111414111111111 111 1114111111 111,
11. . ,

0111111111, qul 11 141111 »14114141 114, negotium 11·
14111 11111114111. 4,1. 11. 14,1. 0. 4,11.

0111 11111 tunm 1114111 111411 1111 1111411. 11. 11, fl.

(1111111111. 11, 1. 14, m

Quod 1131411111. 11.41,1.0.1,1.

Quod 11411 11111 gentum 1144. 11. 4 ,1. 0. 1, 144.

0111111111111141 11 1141111 1414111114, 141111 11111
1111141411. 11. 1,1.

0111 11 114 1411. 1). 41, 14.

Quo-odo 14 qundo 11111 1114114111 mlum 111114
141. 0.1 41.

nuo qna-qi. ..1111 muns-m. c. u, 11·

011111 uuluam 111 rapiuntur. 0. 1, 11.

011111 1111111. 11. 41, 1. 0.1,1.

011111 locutum. 0.1,1.11.41, 1.

R

1111ἔ4101121111111114111111, 11111111111111111111.
. , .

111411 ren 111111 14 11 1141111141111. 11.44,1.

11141ὲ11811ῗξὴ 11111111111111, 14 d· 114111111141411.
. , .

11111111111141 non 1111111111 141. 0. 4, 11. ’
4111111 1114111141 1111141 1111111141 m 11111111.
amfflsfssssss‘mm 11, ι.

de &3⁸:3de 11 cerm 1141411, 14 11 comotione.
. , .

11111111 111111. 11. 14, 1.
11 141111 11111, qu} 111 414111 111 1111 1114, 1111 decreto
111 1111111111 141. 11. 11, 1.
11 111111 tummim 1. 1,1.
11 Remum-ibus. 11. 41, 14.
11 Recepti· 11144111. 0. 1, 11.
1111111441. 1111144111 1111111114 141. 11. 4,1.
11 Regni· 0141111111. 11. 14,1.
1111131111 41111. 11. 11 11.
a· net· ...411111 ἰο, 11.
111111111141. 0.1, 11.
11141 11411141, 1411111141 411411441111,1411414111111·
41111111. 1). 41, 1.
111111 1111411 1141111 141. 0. 1, 41.
1111111111114111111.1,1.0.1,11.
11111141111111. 0 1,11.
11 neugio-u 14 11141111 (unorum. 11. 11. 1. 0. 1, 44.
1411 alionum gerentibus 111 interdici 11111 numm
1141110111. 0. 4, 11.
11 Re 11414111. 11. 41, 11. 0. 11,11.
de Reminlone pignorio. 0. 1, 11.
11111111οηὶ111. 11. 41, 11.
14111111ρί114 111 111111111411111111 fore. 11. 41, 1.
11 1111111141111111. 1. 4, 14.
1111111411111111111 pumma. 0. 1. 11.
11111111111111 vel 1114111111 1111114141. 0. 0, 11.
de nepudflu, 14 iudicio 1111111111111141. 0. 1, 14.

 

